10,573
10,572
10,571
10,570
10,569
10,568
10,566
10,565
10,564
10,563
10,560
10,559
10,558
10,557
10,556
10,554
10,553
10,551
10,550
10,549
10,548
10,547
10,546
10,545
10,544
10,543
10,542
10,541
10,540
10,539
10,538
10,537
10,536
10,535
10,534
10,533
10,532
10,531
10,530
10,529
10,528
10,527
10,526
10,525
10,524
10,523
10,522
10,521
10,520
10,519
10,518
10,517
10,516
10,515
10,514
10,511
10,510
10,509
10,508
10,507
10,506
10,505
10,504
10,503
10,502
10,501
10,500
10,499
10,498
10,497
10,496
10,464
10,463
10,462
10,461
10,460
10,459
10,458
10,457
10,456
10,455
10,454
10,453
10,452
10,451
10,450
10,449
10,448
10,383
10,382
10,381
10,380
10,379
10,378
10,377
10,376
10,375
10,374
10,373
10,372
10,371
10,370
10,369
10,368
10,367
10,366
10,365
10,364
10,363
10,362
10,361
10,360
10,359
10,358
10,357
10,356
10,355
10,354
10,353
10,352
10,351
10,350
10,349
10,348
10,347
10,346
10,345
10,344
10,342
10,341
10,340
10,338
10,336
10,334
10,330
10,328
10,325
10,324
10,323
10,322
10,321
10,320
10,317
10,316
10,315
10,314
10,310
10,307
10,306
10,303
10,302
10,301
10,300
10,299
10,298
10,297
10,296
10,295
10,294
10,293
10,292
10,291
10,290
10,289
10,288
10,287
10,286
10,285
10,284
10,283
10,282
10,281
10,280
10,279
10,278
10,277
10,276
10,275
10,274
10,273
10,272
10,271
10,270
10,269
10,268
10,267
10,266
10,265
10,264
10,263
10,262
10,261
10,260
10,259
10,258
10,187
10,184
10,183
10,182
10,181
10,175
10,173
10,172
10,169
10,168
10,167
10,165
10,164
10,161
10,159
10,158
10,156
10,155
10,154
10,152
10,151
10,149
10,148
10,144
10,143
10,142
10,141
10,138
10,133
10,132
10,130
10,129
10,128
10,125
10,123
10,121
10,119
10,65
10,64
10,4
10,3
10,574
10,578
10,580
10,583
10,585
10,587
10,592
10,595
10,596
10,599
10,600
10,604
10,607
10,608
10,613
10,614
10,617
10,619
10,622
10,624
10,625
10,627
10,629
10,632
10,634
10,635
10,638
10,639
10,642
10,644
10,647
10,649
10,650
10,652
10,653
10,656
10,667
10,669
10,675
10,676
10,679
10,680
10,684
10,686
10,691
10,695
10,696
10,700
10,702
10,703
10,708
10,709
10,712
10,714
10,717
10,722
10,724
10,729
10,732
10,734
10,738
10,739
10,742
10,743
10,748
10,751
10,753
10,756
10,758
10,761
10,764
10,833
10,836
10,837
10,839
10,840
10,844
10,848
10,850
10,852
10,855
10,859
10,861
10,863
10,865
10,866
10,869
10,871
10,874
10,877
10,878
10,880
10,881
10,883
10,885
10,886
10,890
10,891
10,938
10,940
10,948
10,961
10,962
10,965
10,967
10,970
10,972
10,976
10,978
10,979
10,982
10,988
10,993
10,995
10,996
10,998
10,999
10,1001
10,1003
10,1004
10,1006
10,1007
10,1009
10,1010
10,1012
10,1014
10,1015
10,1017
10,1018
10,1020
10,1022
10,1023
10,1089
10,1090
10,1092
10,1093
10,1096
10,1099
10,1101
10,1104
10,1105
10,1109
10,1111
10,1112
10,1114
10,1115
10,1118
10,1121
10,1123
10,1127
10,1128
10,1130
10,1131
10,1133
10,1137
10,1138
10,1140
10,1141
10,1143
10,1146
10,1148
10,1151
10,1152
10,1156
10,1157
10,1162
10,1168
10,1169
10,1172
10,1174
10,1178
10,1182
10,1184
10,1187
10,1188
10,1191
10,1194
10,1200
10,1208
10,1209
10,1217
10,1218
10,1220
10,1222
10,1223
10,1225
10,1226
10,1228
10,1231
10,1233
10,1236
10,1237
10,1239
10,1240
10,1243
10,1249
10,1250
10,1253
10,1254
10,1256
10,1258
10,1259
10,1261
10,1262
10,1264
10,1265
10,1267
10,1269
10,1270
10,1272
10,1273
10,1275
10,1277
10,1278
10,1280
10,1281
10,1283
10,1284
10,1286
10,1288
10,1289
10,1291
10,1292
10,1294
10,1296
10,1297
10,1299
10,1300
10,1302
10,1303
10,1305
10,1307
10,1308
10,1310
10,1311
10,1313
10,1315
10,1316
10,1318
10,1319
10,1322
10,1324
10,1327
10,1331
10,1332
10,1336
10,1337
10,1339
10,1341
10,1342
10,1354
10,1357
10,1375
10,1378
10,1379
10,1381
10,1382
10,1386
10,1387
10,1390
10,1392
10,1394
10,1396
10,1398
10,1400
10,1402
10,1403
10,1418
10,1419
10,1421
10,1422
10,1424
10,1429
10,1432
10,1435
10,1437
10,1440
10,1442
10,1452
10,1454
10,1455
10,1461
10,1463
10,1464
10,1467
10,1468
10,1472
10,1473
10,1475
10,1477
10,1478
10,1480
10,1481
10,1483
10,1485
10,1486
10,1488
10,1489
10,1491
10,1492
10,1494
10,1496
10,1497
10,1499
10,1500
10,1502
10,1504
10,1505
10,1507
10,1508
10,1510
10,1511
10,1513
10,1515
10,1516
10,1518
10,1519
10,1521
10,1523
10,1524
10,1526
10,1527
10,1529
10,1531
10,1532
10,1534
10,1535
10,1538
10,1539
10,1546
10,1551
10,1552
10,1555
10,1556
10,1558
10,1560
10,1561
10,1563
10,1564
10,1566
10,1567
10,1569
10,1571
10,1572
10,1574
10,1575
10,1577
10,1579
10,1580
10,1582
10,1583
10,1585
10,1586
10,1588
10,1590
10,1591
10,1595
10,1598
10,1600
10,1602
10,1603
10,1605
10,1606
10,1608
10,1609
10,1612
10,1614
10,1616
10,1618
10,1623
10,1625
10,1633
10,1634
10,1640
10,1641
10,1643
10,1645
10,1646
10,1648
10,1649
10,1651
10,1652
10,1654
10,1656
10,1657
10,1659
10,1660
10,1662
10,1664
10,1665
10,1667
10,1668
10,1670
10,1671
10,1673
10,1675
10,1676
10,1678
10,1679
10,1681
10,1683
10,1684
10,1686
10,1687
10,1690
10,1691
10,1694
10,1701
10,1702
10,1707
10,1710
10,1715
10,1719
10,1720
10,1722
10,1723
10,1725
10,1727
10,1728
10,1730
10,1732
10,1734
10,1735
10,1778
10,1782
10,1788
10,1796
10,1797
10,1799
10,1801
10,1802
10,1804
10,1805
10,1807
10,1808
10,1810
10,1812
10,1813
10,1815
10,1816
10,1818
10,1820
10,1821
10,1823
10,1824
10,1826
10,1827
10,1829
10,1831
10,1833
10,1835
10,1836
10,1839
10,1842
10,1844
10,1846
10,1847
10,1849
10,1850
10,1852
10,1854
10,1855
10,1857
10,1858
10,1860
10,1862
10,1863
10,1865
10,1866
10,1868
10,1870
10,1871
10,1873
10,1874
10,1876
10,1877
10,1879
10,1881
10,1883
10,1888
10,1889
10,1891
10,1893
10,1894
10,1896
10,1897
10,1899
10,1900
10,1902
10,1904
10,1905
10,1907
10,1908
10,1910
10,1912
10,1913
10,1915
10,1916
10,1918
10,1919
10,1923
10,1927
10,1928
10,1930
10,1931
10,1933
10,1935
10,1936
10,1938
10,1939
10,1941
10,1943
10,1944
10,1946
10,1947
10,1949
10,1950
10,1952
10,1954
10,1955
10,1957
10,1958
10,1960
10,1962
10,1964
10,1969
10,1971
10,1974
10,1976
10,1979
10,1982
10,1984
10,1990
10,1992
10,1997
10,2000
10,2002
10,2004
10,2007
10,2010
10,2012
10,2015
10,2017
10,2020
10,2022
10,2024
10,2029
10,2032
10,2033
10,2035
10,2036
10,2041
10,2042
10,2044
10,2112
10,2113
10,2115
10,2116
10,2118
10,2120
10,2121
10,2123
10,2124
10,2126
10,2128
10,2129
10,2131
10,2132
10,2135
10,2136
10,2138
10,2140
10,2141
10,2143
10,2147
10,2149
10,2152
10,2153
10,2156
10,2157
10,2159
10,2160
10,2163
10,2165
10,2166
10,2168
10,2169
10,2171
10,2173
10,2174
10,2240
10,2241
10,2244
10,2245
10,2249
10,2252
10,2255
10,2265
10,2268
10,2270
10,2272
10,2274
10,2278
10,2280
10,2283
10,2286
10,2288
10,2291
10,2293
10,2297
10,2298
10,2300
10,2304
10,2305
10,2307
10,2308
10,2310
10,2312
10,2313
10,2315
10,2316
10,2318
10,2319
10,2321
10,2323
10,2329
10,2336
10,2340
10,2344
10,2349
10,2351
10,2353
10,2354
10,2356
10,2357
10,2359
10,2361
10,2362
10,2364
10,2365
10,2367
10,2402
10,2403
10,2405
10,2406
10,2409
10,2411
10,2412
10,2414
10,2432
10,2434
10,2435
10,2438
10,2443
10,2444
10,2447
10,2448
10,2453
10,2462
10,2463
10,2466
10,2468
10,2471
10,2472
10,2474
10,2478
10,2482
10,2485
10,2488
10,2492
10,2589
10,2594
10,2625
10,2626
10,2628
10,2629
10,2631
10,2635
10,2638
10,2640
10,2641
10,2644
10,2646
10,2647
10,2651
10,2652
10,2654
10,2659
10,2661
10,2664
10,2665
10,2667
10,2668
10,2670
10,2672
10,2673
10,2675
10,2676
10,2678
10,2680
10,2681
10,2683
10,2684
10,2686
10,2687
10,2690
10,2694
10,2696
10,2700
10,2701
10,2709
10,2715
10,2716
10,2721
10,2724
10,2738
10,2741
10,2744
10,2748
10,2751
10,2755
10,2756
10,2759
10,2762
10,2765
10,2767
10,2768
10,2772
10,2773
10,2775
10,2778
10,2779
10,2782
10,2783
10,2791
10,2796
10,2799
10,2801
10,2803
10,2806
10,2808
10,2809
10,2814
10,2815
10,2817
10,2818
10,2820
10,2822
10,2823
10,2825
10,2826
10,2828
10,2834
10,2836
10,2838
10,2840
10,2845
10,2847
10,2850
10,2852
10,2853
10,2855
10,2856
10,2858
10,2860
10,2861
10,2863
10,2864
10,2866
10,2867
10,2869
10,2871
10,2872
10,2874
10,2875
10,2877
10,2879
10,2898
10,2900
10,2905
10,2912
10,3009
10,3013
10,3015
10,3016
10,3018
10,3021
10,3026
10,3028
10,3031
10,3035
10,3036
10,3040
10,3042
10,3043
10,3045
10,3049
10,3055
10,3057
10,3059
10,3063
10,3065
10,3069
10,3070
10,3078
10,3084
10,3088
10,3091
10,3093
10,3096
10,3101
10,3112
10,3115
10,3116
10,3123
10,3125
10,3136
10,3144
10,3146
10,3150
10,3152
10,3155
10,3157
10,3160
10,3167
10,3168
10,3174
10,3175
10,3181
10,3186
10,3187
10,3190
10,3192
10,3196
10,3212
10,3213
10,3218
10,3223
10,3225
10,3227
10,3230
10,3232
10,3233
10,3235
10,3236
10,3238
10,3240
10,3241
10,3243
10,3244
10,3246
10,3247
10,3249
10,3251
10,3252
10,3254
10,3255
10,3257
10,3259
10,3260
10,3264
10,3265
10,3267
10,3268
10,3270
10,3274
10,3277
10,3280
10,3281
10,3283
10,3285
10,3294
10,3297
10,3298
10,3303
10,3304
10,3306
10,3310
10,3314
10,3321
10,3322
10,3325
10,3330
10,3331
10,3335
10,3337
10,3342
10,3347
10,3348
10,3350
10,3351
10,3354
10,3355
10,3357
10,3364
10,3365
10,3367
10,3368
10,3370
10,3372
10,3373
10,3376
10,3377
10,3380
10,3381
10,3385
10,3388
10,3389
10,3391
10,3393
10,3396
10,3406
10,3408
10,3410
10,3411
10,3413
10,3416
10,3418
10,3420
10,3422
10,3425
10,3426
10,3429
10,3433
10,3434
10,3436
10,3437
10,3439
10,3442
10,3443
10,3445
10,3446
10,3448
10,3449
10,3453
10,3457
10,3458
10,3460
10,3461
10,3463
10,3465
10,3466
10,3468
10,3471
10,3473
10,3474
10,3477
10,3479
10,3481
10,3486
10,3487
10,3489
10,3492
10,3495
10,3498
10,3499
10,3501
10,3502
10,3507
10,3510
10,3511
10,3513
10,3514
10,3516
10,3518
10,3519
10,3521
10,3522
10,3525
10,3527
10,3528
10,3531
10,3532
10,3534
10,3535
10,3537
10,3539
10,3540
10,3543
10,3544
10,3546
10,3549
10,3550
10,3552
10,3553
10,3556
10,3557
10,3561
10,3563
10,3564
10,3567
10,3569
10,3573
10,3579
10,3582
10,3585
10,3587
10,3589
10,3590
10,3592
10,3595
10,3596
10,3598
10,3600
10,3602
10,3604
10,3605
10,3607
10,3608
10,3610
10,3613
10,3615
10,3622
10,3623
10,3625
10,3626
10,3630
10,3634
10,3635
10,3637
10,3638
10,3640
10,3643
10,3645
10,3651
10,3652
10,3655
10,3656
10,3658
10,3660
10,3662
10,3664
10,3665
10,3667
10,3669
10,3670
10,3672
10,3677
10,3680
10,3682
10,3684
10,3687
10,3688
10,3694
10,3695
10,3699
10,3704
10,3705
10,3709
10,3710
7,3
4,3
5,5
5,4
10,949
10,1630
10,914
10,1708
10,921
10,922
10,2454
10,944
10,958
10,923
10,3690
10,2408
10,919
10,3149
10,951
10,1180
10,1334
10,957
10,1631
10,2489
10,983
10,950
10,2451
10,153
10,928
10,2688
10,1714
10,956
10,1632
10,3293
10,2327
10,952
10,924
10,959
10,2713
10,2787
10,896
10,2735
10,1717
10,911
10,932
10,2790
10,1124
10,929
10,906
10,1639
10,171
10,176
10,1709
10,909
10,2723
10,145
10,3089
10,926
10,2798
10,933
10,903
10,1695
10,179
10,2739
10,1786
10,898
10,925
10,2038
10,3051
10,1696
10,931
10,576
10,907
10,927
10,3374
10,910
10,991
10,124
10,2439
10,1784
10,915
10,2457
10,186
10,66
10,832
10,3185
10,110
10,77
10,2802
10,2771
10,834
10,105
10,72
10,2776
10,2476
10,86
10,102
10,81
10,2703
10,89
10,3033
10,2722
10,3291
10,108
10,78
10,657
10,2253
10,2486
10,113
10,71
10,3359
10,3547
10,106
10,85
10,3395
10,100
10,84
10,3279
10,3308
10,68
10,3456
10,3628
10,80
10,99
10,2805
10,94
10,870
10,75
10,3675
10,83
10,98
10,70
10,3301
10,681
10,97
10,82
10,2911
10,3164
10,73
10,1882
10,95
10,2705
10,79
10,109
10,654
10,91
10,2495
10,2595
10,1201
10,2728
10,3151
10,3309
10,2608
10,2470
10,2260
10,339
10,2620
10,2583
10,2619
10,2572
10,329
10,3509
10,2607
10,2623
10,2632
10,628
10,3047
10,147
10,2616
10,2574
10,2461
10,3312
10,2622
10,1328
10,1471
10,2561
10,2603
10,118
10,1164
10,2611
10,3576
10,2831
10,2598
10,2562
10,2609
10,331
10,2560
10,2584
10,3661
10,2565
10,2613
10,2568
10,3524
10,846
10,2570
10,2600
10,841
10,2569
10,2605
10,2730
10,2571
10,3194
10,2582
10,2614
10,3432
10,177
10,2599
10,2621
10,2578
10,2750
10,3696
10,2606
10,2566
10,2943
10,2944
10,2997
10,2001
10,3691
10,3629
10,2951
10,2835
10,2988
10,2964
10,2292
10,2982
10,2945
10,1456
10,1458
10,2959
10,1592
10,688
10,3170
10,973
10,2949
10,3318
10,2994
10,1373
10,1154
10,2330
10,3644
10,2946
10,2970
10,2952
10,602
10,2971
10,3292
10,2948
10,1384
10,3647
10,2953
10,1596
10,2974
10,2262
10,2947
10,2591
10,2993
10,2962
10,2897
10,2906
10,1975
10,3491
10,3674
10,2960
10,1731
10,3163
10,2968
10,946
10,1097
10,2282
10,2888
10,2933
10,589
10,2925
10,2893
10,1190
10,2894
10,2920
10,2887
10,2929
10,2650
10,1369
10,2916
10,2880
10,3399
10,3494
10,3583
10,2921
10,2942
10,2026
10,2844
10,3673
10,2913
10,2941
10,3397
10,1397
10,3653
10,2919
10,2939
10,3686
10,2896
10,2938
10,2914
10,2885
10,157
10,2259
10,2886
10,2931
10,2895
10,2922
10,2890
10,2932
10,2889
10,3141
10,3574
10,2930
10,2882
10,1987
10,2923
10,2884
10,2934
10,3287
10,3137
10,3214
10,2493
10,3092
10,3226
10,3220
10,3207
10,987
10,3222
10,2350
10,3200
10,2794
10,577
10,3216
10,555
10,3201
10,845
10,3344
10,3215
10,1615
10,2747
10,1251
10,3701
10,1794
10,1840
10,2339
10,2337
10,683
10,2332
10,2331
10,1793
10,1843
10,3313
10,3202
10,2144
10,2013
10,1993
10,2150
10,943
10,3156
10,1699
10,3221
10,1122
10,3050
10,3208
10,3228
10,1780
10,3145
10,2027
10,2254
10,3566
10,3332
10,2154
10,3211
10,3171
10,3219
10,2763
10,2731
10,3205
10,1739
10,1637
10,2729
10,2725
10,3300
10,1751
10,1768
10,1389
10,3392
10,1924
10,1753
10,1540
10,1765
10,1620
10,893
10,1759
10,1776
10,593
10,2712
10,1787
10,1757
10,1777
10,606
10,1749
10,3056
10,3064
10,1752
10,1772
10,1756
10,2758
10,1994
10,2642
10,2780
10,1185
10,1550
10,1754
10,3580
10,3034
10,1747
10,1771
10,1755
10,2832
10,1321
10,1745
10,2338
10,1978
10,1763
10,1198
10,1537
10,586
10,3103
10,1746
10,666
10,1775
10,1758
10,3288
10,1748
10,1628
10,665
10,2243
10,311
10,1160
10,721
10,1544
10,705
10,3271
10,616
10,2277
10,2239
10,757
10,3104
10,332
10,726
10,690
10,1125
10,741
10,746
10,3649
10,2586
10,3165
10,1193
10,1165
10,727
10,763
10,3048
10,185
10,162
10,715
10,2702
10,1703
10,1199
10,1981
10,730
10,765
10,120
10,2812
10,1783
10,981
10,2257
10,309
10,1108
10,1689
10,718
10,567
10,2714
10,637
10,1693
10,937
10,3400
10,762
10,561
10,1136
10,895
10,562
10,3054
10,1377
10,737
10,2998
10,1206
10,2985
10,3493
10,2958
10,2992
10,3692
10,3001
10,3360
10,3427
10,2957
10,2749
10,2978
10,1594
10,2999
10,1147
10,1120
10,2018
10,2162
10,3006
10,1202
10,945
10,694
10,936
10,2980
10,3000
10,3387
10,2023
10,2247
10,3698
10,2996
10,2031
10,2987
10,127
10,1393
10,2961
10,986
10,2990
10,3004
10,2976
10,318
10,3188
10,1622
10,2975
10,256
10,2048
10,1135
10,2973
10,968
10,1161
10,2719
10,597
10,1795
10,150
10,1627
10,3005
10,2740
10,2479
10,975
10,1204
10,2903
10,2984
10,992
10,465
10,2456
10,136
10,482
10,308
10,659
10,1621
10,483
10,1920
10,467
10,1183
10,689
10,2636
10,146
10,939
10,3039
10,3195
10,1173
10,466
10,487
10,2328
10,479
10,3620
10,3568
10,2843
10,492
10,478
10,2842
10,1248
10,3450
10,491
10,476
10,1404
10,1372
10,2810
10,1791
10,3099
10,590
10,2279
10,1547
10,2005
10,471
10,1232
10,2287
10,2592
10,2334
10,488
10,473
10,493
10,3398
10,3183
10,122
10,857
10,3476
10,2378
10,2429
10,2401
10,1192
10,3320
10,2421
10,2377
10,3711
10,2693
10,2754
10,2372
10,2389
10,663
10,1116
10,2382
10,2422
10,2386
10,1100
10,3020
10,673
10,2436
10,2423
10,2379
10,2430
10,3572
10,3578
10,2416
10,2390
10,326
10,2368
10,2425
10,3286
10,2393
10,2371
10,2419
10,3404
10,2374
10,2424
10,3025
10,3140
10,2746
10,2396
10,2417
10,2398
10,2394
10,2373
10,2426
10,2376
10,3632
10,888
10,2381
10,160
10,2383
10,887
10,3440
10,513
10,2520
10,1983
10,2556
10,966
10,3180
10,581
10,2518
10,2554
10,1789
10,3275
10,188
10,1700
10,2551
10,674
10,1713
10,2534
10,2588
10,2902
10,2789
10,3470
10,2040
10,2547
10,2508
10,3505
10,2046
10,3378
10,2521
10,2512
10,3334
10,1325
10,2501
10,2544
10,1887
10,2506
10,2524
10,664
10,3197
10,2285
10,1247
10,2637
10,2264
10,3098
10,2522
10,3619
10,3178
10,2580
10,3693
10,2503
10,2487
10,1986
10,2549
10,3401
10,2509
10,2550
10,2515
10,1989
10,3138
10,2519
10,2552
10,1207
10,3176
10,327
10,2498
10,312
10,611
10,1610
10,2553
10,2698
10,2445
10,2538
10,990
10,1175
